OBJ:989.8277709999999  -  TIME: 4 s.
OBJ:934.007916  -  TIME: 4 s.
